cam_ids:
- 20243318
- 20039932
cam_aliases:
- cam0Left
- cam1Right
skip: 20
delay: 1.0

#Camera info message details
distortion_model: plumb_bob
image_height: 1544 
image_width: 2064 

# Matrices for each camera

# D matrix
distortion_coeffs:
- [-0.021141875266089592, -0.3733872931278025, 2.385982550579459, 3.2824571732099725]
- [-0.06001035588294054, 0.3466585291091072, -1.0932356940133992, 3.4511959617065253]
# K matrix  - specified as [fx  0 cx 0 fy cy 0  0  1]
intrinsic_coeffs:
- [1886.9232141485886, 0.0, 604.7214878709341, 0.0, 1886.6668765711668, 493.47726714719823, 0.0, 0.0, 1.0]
- [1872.1392958276606, 0.0, 583.2925844388025, 0.0, 1872.6168324818198, 483.72597760530056, 0.0, 0.0, 1.0]
# R matrix
rectification_coeffs:
- [1.000000, 0.000000, 0.000000, 0.000000, 1.000000, 0.000000, 0.000000, 0.000000, 1.000000]
- [1.000000, 0.000000, 0.000000, 0.000000, 1.000000, 0.000000, 0.000000, 0.000000, 1.000000]
# P matrix
projection_coeffs:
- [913.700317, 0.000000, 953.448302, 0.000000, 0.000000, 1063.296631, 777.871993, 0.000000, 0.000000, 0.000000, 1.000000, 0.000000]
- [703.910323, 0.000000, 815.113302, 0.000000, 0.000000, 958.319231, 636.871993, 0.000000, 0.000000, 0.000000, 1.000000, 0.000000]

flip_horizontal:
- false
- false

flip_vertical:
- false
- false
